"V1" "V2" "V3"
-11.748251 -13.413172 -5.920791
-22.787682 -38.152706 -5.250898
0.022396 -43.209694 -5.322451
-18.867115 -65.656746 -4.380369
-3.322268 -66.101494 -5.235872
-13.5219751834869 -23.7436628341675 -7.31653506278992
-11.291312280592 -43.5787745046092 -7.03697360740913
-6.07341395049799 -32.8185169657723 -4.0357340515637
-4.4157869103667 -35.976618680087 -7.67706901996167
-3.26365341039804 -36.3563920828012 -3.7766043479626
-20.8371530659993 -48.2898733520508 -4.03597481091817
-9.49085258430159 -15.3950895793001 -6.54828794237594
-11.4812337292565 -60.896670712365 -3.9524524377452
-4.66577970259117 -28.1747903245868 -4.32811758012483
-3.49676585674286 -64.1131715393066 -3.98669167041779
-2.60484970385028 -31.978218601596 -4.52446352281878
-1.67966697231317 -34.6045060769106 -4.4448804244017
-18.2840661029426 -49.7147900328344 -7.06280445565983
-3.69551952205487 -42.5418577621232 -3.53204040385004
-2.45238067954779 -38.1686967611313 -7.0928548052907
-14.9772235141711 -24.4911886493811 -4.00773985466261
-14.894529312376 -39.6887031434074 -7.12011527258252
-20.2147286063746 -59.2080780832391 -4.71933382435849
-11.2206789957334 -23.2261233917654 -4.45224737794432
-12.2524296896798 -31.5535777258495 -7.44528790125771
-2.33629715849053 -62.4449488899925 -5.10804413123564
-6.63579410529998 -20.1088932680796 -4.95469224883849
-3.36646869182587 -30.1397575696309 -7.05072448253632
-4.71571503565149 -33.8829859020641 -7.57050402187607
-19.4719518360339 -59.0395936798631 -5.77692530447977
-4.15493122608431 -61.7873850791685 -3.80356730568794
-1.03569462109398 -43.5259464808873 -4.47132956326663
-18.2400870884166 -23.3745021259083 -4.91089014446034
-17.0476496709536 -26.4065805461309 -7.07659087115771
-18.1431558430195 -60.7524047493935 -6.05624634772539
-13.3958893115704 -17.7361946986272 -5.14233411642221
-17.8166357581295 -63.4592167868543 -5.39690093851801
-6.40742379863088 -45.6935649034454 -3.53288091101298
-21.4221477675856 -30.0794602109675 -5.35932949969643
-3.137102250929 -45.4417979748218 -3.64412317337928
-16.2629894321248 -32.9788259732521 -7.2901990292436
-17.1551587063333 -52.2795057296753 -3.07124454560487
-6.72483522861035 -34.2098741407518 -4.00174939787233
-5.3035188847118 -59.8126990530226 -6.56914962662591
-11.0233678943232 -59.2761039733887 -3.88233379941238
-19.4556229710579 -55.3874422907829 -6.25285930931568
-3.49354463662857 -57.0582852485852 -6.26527558840238
-18.1495890728263 -47.5821365977443 -3.27242703493251
-22.5313352136051 -38.0018748489081 -5.31643368216122
-14.377064816157 -18.72536389033 -5.05051940282186
-8.21603274043602 -20.0116881117036 -6.95825027514108
-12.8562619235065 -50.5812452161634 -3.40566521077543
-14.8229952319976 -62.561253886069 -5.78715961979282
-9.3096168131768 -39.6864476264278 -3.70841915697991
-19.2268340547206 -41.1639089422711 -7.23455061346798
-8.33417907659558 -49.8676897131878 -6.89508996493575
-20.1722883842361 -54.3172848661181 -5.85486732402318
-12.1644653652025 -54.7661176349806 -6.4609024213708
-2.71436920310512 -58.3731076789625 -5.69796445875457
-13.3302118710109 -32.2660127094814 -3.74485090460096
-19.3711496328379 -46.1392568117612 -3.54114915488602
-5.78403065122407 -44.0630418843236 -7.24666118621826
-8.39911008917767 -21.3130508367566 -7.14689159393311
-10.8344963278089 -52.4576736177717 -3.51913509198598
-3.48138896415108 -65.9583483244243 -5.33498410802139
-17.8368462992238 -20.2657950684264 -5.91708848240611
-1.70991516113281 -28.1313197877672 -5.69650912284851
-19.4624304278144 -34.4158020019531 -3.87178231518844
-7.80086502275969 -27.8034891078347 -4.3540424861406
-6.55856332778931 -49.3124942525228 -7.09875277201335
-18.7104011470989 -60.8427374888275 -3.73174518245762
-18.9362963707216 -24.7777941919142 -6.51765361139851
-15.5681979530736 -26.9609218145672 -7.21934002951572
-7.74910088430477 -32.3130546762973 -7.6905977635444
-14.3240973881313 -47.1573256901332 -3.38362629413605
-2.79855712254842 -55.747441667499 -3.88492815422289
-20.6509325945819 -41.6991711840218 -6.75657098675952
-20.113754093647 -25.8695233464241 -5.83589305977027
-0.542666549421847 -34.1808584690094 -5.29368556141853
-15.5338396344866 -29.2030150095622 -7.28309379305158
-10.9291645547618 -18.4517606375874 -6.88271141052246
-17.2112312316895 -41.0382524350794 -3.12157577130853
-14.0305739571066 -55.1239764045267 -3.2980850724613
-1.43464592812766 -49.3320923926125 -4.337954440587
-19.1043733176538 -62.9050500514144 -5.28036840083235
-11.7181715520223 -47.5099979654948 -6.9149947420756
-13.2636887191178 -41.8251313543939 -3.4815422807421
-20.2324804850987 -35.0775684901646 -6.80498860222953
-0.282434639462246 -44.3205851707138 -5.29652928504623
-8.20352270454168 -62.8103233575821 -4.17049253731966
-6.9012341680406 -28.3972449000878 -7.57989389685136
-13.3860071066654 -60.4636541424376 -5.75409557602622
-6.09914495263781 -44.2752180553618 -3.57146159524009
-18.8729514234206 -42.6962985992432 -7.29721135952893
-4.6450263137248 -32.3706405981263 -7.3977688960175
-4.24859200583564 -65.7835848369296 -4.98497369554308
-13.542923458287 -39.4517491450075 -7.10580474822248
-6.99235195272109 -56.2694972543155 -6.68637009929208
-15.6531120709011 -19.4303018365588 -5.13760248252324
-21.368188243267 -50.8077389425483 -4.93565465596097
-6.29638335032341 -53.6372280609913 -7.03331377567389
-5.83312486012777 -22.4514565467834 -6.95419441858927
-14.182572139634 -61.4540846612718 -6.0446698334482
-1.97371329445588 -51.7365448600368 -5.9268310258263
-16.3671949963237 -52.0641436022381 -6.91624249968418
-12.7786127328873 -29.5567852920956 -3.92219797107908
-10.9059716651314 -14.8586990707799 -5.24714793029584
-13.2242425761811 -45.0417269876558 -7.03025681351962
-7.30442338130053 -34.7996655632468 -7.57748312809888
-5.42681722044945 -27.9196572780609 -7.28109546899796
-16.882664257967 -61.3816502245167 -6.24556892733031
-10.1726234284314 -57.6794381575151 -3.84667096083814
-20.0724569956462 -29.7266913822719 -4.52898840109507
-18.1735582791842 -23.6065526522123 -6.59114562548124
-10.2353349812826 -40.9946086120605 -3.68228726704915
-13.1165845210736 -57.009129524231 -3.5152260867449
-21.8225832928668 -47.9299377189888 -4.86105106165121
-13.2353785401684 -35.6722263400838 -7.28374313904067
-0.579151873235349 -37.6159903208415 -4.9851136914006
-5.4561010576644 -64.4386611794526 -4.7116259089056
-7.79168921596599 -23.5405214777533 -7.30579076623017
-17.8711472597989 -22.2455065987327 -6.44812909906561
-10.9029711665529 -30.3024484172012 -7.44618559606148
-7.76741578307333 -49.551203039628 -3.47305726401414
-7.39321781427432 -57.6817007798415 -6.52970840992072
-9.57549148135715 -36.6402352227105 -3.87548945744832
-1.96267783239986 -26.9903332999583 -5.88453316956424
-2.80783569067717 -54.2581548094749 -3.84561548009515
-18.5522219422576 -41.3564447180017 -3.29874001540147
-3.72080080573623 -34.7823355391219 -7.49314198622832
-12.3202170696887 -40.4479706313584 -3.53444241167425
-3.91859000379389 -62.6366536111543 -6.02221244754213
-12.1635882059733 -60.6838202620998 -5.45945704344547
-3.15196119149526 -36.2539265950521 -7.3578897078832
-15.407458979909 -54.0115355514899 -3.08876417032102
-3.84848616863119 -63.7610997824833 -5.85355267853572
-5.8952820352886 -21.3976148937059 -4.79921865981558
-2.01886997185647 -50.5718653798103 -4.20004821941257
-20.72674305439 -31.956737613678 -6.39216284155846
-8.78780147968194 -58.8046058263534 -6.15259484755687
-5.87686270008916 -18.4823842090109 -5.73301367552384
-22.348477604625 -43.1284793392643 -5.27683460843432
-9.91413577191241 -52.0627933848988 -6.71276604045521
-9.04487672144053 -47.5696410354303 -6.96165943145752
-16.6165706010965 -63.9238339570852 -5.07350826721925
-17.4780772388845 -24.9349358323692 -6.93338089403899
-12.4436620593071 -18.0915015220642 -6.91380690336227
-5.5615332691293 -38.8721597571122 -3.66207359966479
-15.7057495255401 -38.7010754571445 -7.13975419168887
-10.8861458060447 -21.7424191464199 -4.57029462128543
-5.10306612650553 -62.356567453455 -3.75190375027833
-19.2122021243997 -38.765189810975 -3.4280779002464
-15.6668524265289 -21.4713314533234 -6.86301783323288
-7.51538825035095 -51.3109784248548 -3.48237779201605
-15.7144270810214 -20.870681623979 -4.68327115665783
-10.0369038468315 -56.460276785351 -6.36322983673641
-17.1602194611455 -45.1417647348323 -7.27849815261196
-14.4981899125235 -25.5770697184971 -7.3659389087132
-15.5065478625363 -55.4226892027136 -3.08820992953157
-14.8489746983846 -45.2852419026693 -7.09313212712606
-5.00287734834771 -37.4081148348357 -7.45182334121905
-21.7509359544323 -33.5469054560508 -5.7891117219002
-16.9231684446335 -50.4822659492493 -3.10850442647934
-5.02424784710533 -64.6863978871128 -5.57315480918215
-7.9899495601654 -58.0165451526642 -3.90196362435818
-11.5932950019836 -30.1826605933053 -4.04147432191031
-0.261409402359277 -36.4651787384697 -5.60399197495502
-8.54145592819025 -38.4427759617935 -3.75481419504425
-8.64348266063592 -32.3813903759687 -4.10154526661604
-12.8212978167412 -31.1417741041917 -3.88128273915022
-18.6398225174737 -65.1535241038529 -4.56117661957888
-20.5117751112929 -26.8064912332071 -5.58606627610353
-15.5945205688477 -30.4166612923145 -3.47405404597521
-14.1951230293097 -37.6345644662547 -3.41489677650984
-19.7128152113694 -63.3346915611854 -4.57802657591991
-16.4907470833171 -58.1333899931474 -3.2726009840315
-1.2932667369023 -43.549435198307 -6.23166832327843
-8.58877310487959 -43.275377591451 -3.65122338136037
-12.9608132337269 -21.0961846050463 -7.12540910745922
-10.3889000022804 -53.5276065029941 -6.60633091350178
-6.04356245134698 -55.0751405934818 -6.90168811454148
-12.1261067534938 -16.9561991547093 -5.03008372855909
-19.0444893382844 -32.9360440117972 -3.89975054774966
-11.797188937664 -28.9379939079285 -7.33542288541794
-15.9806691302529 -27.0851708424242 -3.72521600843985
-13.7643439349006 -28.2729862998514 -3.84705898691626
-2.12751079748755 -35.910504955135 -4.21934616402404
-22.1306310844421 -44.3609659957886 -5.09257674694061
-13.555440056324 -21.4600016117096 -4.39028787612915
-2.34909393303636 -42.4634838380675 -6.75222009161244
-21.4756944764335 -37.8404398504293 -6.31427854861853
-2.60457582243027 -64.4131491261144 -5.16407802028041
-10.8438249147855 -31.7550413571871 -7.49468742517325
-4.29114207010421 -63.2134900774275 -3.86407603157891
-15.7595909281475 -60.0251236427121 -6.44711463044329
-14.9430424178519 -58.8855257732112 -6.14366900048605
-21.8879807035802 -38.9813882213528 -4.46982471013473
-21.8230302429199 -37.7785848236084 -4.46207871437073
-14.3330816017402 -40.7088048746298 -3.3447780582931
-4.85835264379328 -65.1982118086381 -4.86695287877863
-15.3254007101059 -42.9859977245331 -7.16168498396874
-15.8252330271403 -51.380335337321 -3.08173471450806
-8.32061952001908 -35.6439351474538 -3.95436668395996
-19.4783769137617 -48.9163725479789 -3.58092459388401
-4.89103779152258 -45.4244660334801 -7.26490186577413
-1.75784552961156 -59.3450624770012 -5.13549546919007
-8.31735761298074 -33.554973549313 -7.5859158900049
-10.8446217967618 -16.9015895781979 -4.97138006456437
-12.2620454085501 -48.757690362763 -6.87544122495149
-16.6156609948002 -28.000850222004 -7.19554751666624
-11.2525588244927 -43.4761406037866 -3.62438949433769
-4.66592911156741 -37.2625595439564 -3.71069953297124
-20.630248103823 -38.3171166011265 -3.91145091397422
-6.35566722645479 -60.7326195660759 -6.38169387508841
-5.77067604064941 -24.9584246499198 -7.10404199872698
-10.8985514640808 -60.625107273911 -5.40321653539484
-15.8051396565265 -41.6426824546722 -3.22219609352479
-8.05101033822814 -38.6400948709516 -7.17205896662242
-3.43854235931182 -25.4237608842447 -4.88049969874637
-21.0408455303737 -47.5799546014695 -5.98090474378495
-11.4971822832451 -27.3253425222928 -4.13993140517688
-10.6297584842233 -59.1486612207749 -5.68125619607813
-12.135606013404 -13.7074794133504 -6.14228661325243
-19.9951939915502 -24.9194838279902 -5.84102352275405
-15.7752279632393 -55.868542024459 -6.35270353843426
-15.5880339285907 -47.5009900261374 -7.00724531622494
-12.9357453945071 -14.0232061119967 -6.10558184357577
-4.68773798942566 -32.9386686052595 -4.0454921245575
-7.76675629889828 -40.2529800678122 -3.70094244781582
-1.60731464951006 -39.58814589618 -4.35098876691844
-5.36120250576832 -63.4071640890153 -4.00874592046269
-18.3786961196305 -47.724748636221 -7.11440586114859
-15.3543751511393 -53.2286634324472 -6.7191015678116
-7.35809449873109 -30.0026995064556 -7.68221190355826
-8.96240055199825 -41.43410913872 -7.06794210636254
-1.79790717694494 -39.6059157583449 -6.68598433335622
-7.38441952487879 -41.6297046594452 -7.09969675331785
-12.2158246918728 -21.042848762713 -4.56676811293552
-4.41306118496129 -23.9725680429427 -6.59568091689563
-0.424260001191322 -45.4716014114081 -5.00602405678992
-3.50563002434097 -22.349399406369 -5.64388113262273
-11.262988196479 -33.8372950553894 -3.90688722332319
-18.1042102134391 -62.1269477426189 -5.77587125725942
-5.19188535958529 -38.7782868146896 -7.36834710091352
-7.81207084655762 -46.5494825839996 -3.52985981702805
-18.3912680841261 -54.6504957137569 -3.38517818399655
-18.9236209122176 -22.2562356142654 -5.69076742585172
-20.6353670945808 -38.8700020064169 -6.92136158160309
-7.60069895598848 -40.1065430721994 -7.09417898372068
-15.6419119065808 -31.718059724377 -3.36403224160594
-12.5010727293351 -34.2022190654979 -7.2500685523538
-20.3991620479486 -43.1180151914939 -6.86139806111654
-11.6930017094863 -15.3952582258927 -6.66679194726442
-17.9850343233579 -34.5076663029658 -3.42036854756343
-4.53485282262166 -22.585419370417 -6.42855940367046
-11.3399827927351 -26.0794373452663 -4.28364352881908
-2.3989030287816 -54.7938713660607 -6.0939356143658
-15.9641551653544 -30.7148473421733 -7.37332168420156
-10.965155342647 -55.3741700308664 -3.64065652234214
-11.6463111309295 -32.028907025114 -3.96432883181471
-0.248402763698851 -43.0261219804005 -5.41633565964237
-3.53311263625302 -41.2914332489469 -7.2472623640032
-0.663244507474 -38.9039678104588 -4.91349023287414
-18.652619443621 -64.1149691990444 -4.8244553906577
-16.8453317865149 -43.0999922814307 -7.27075248569637
-13.9371313295866 -17.8279031703347 -6.7725108673698
-8.59790040969849 -55.805354309082 -6.56013779958089
-2.92534495181725 -28.8439643109431 -6.75063229388878
-10.1574826299408 -16.2951124332569 -6.69952882955104
-16.9515772702401 -29.6380635311729 -7.3096663659079
-18.6795207816111 -26.0963304277877 -6.70544086375707
-2.32667767188766 -25.7396383719011 -5.69470784880898
-3.25112075102134 -39.9412834917913 -3.73581146412208
-0.615385591591659 -33.2328292947066 -5.68356289361653
-14.5443828355021 -48.6943019468393 -3.34546682016173
-10.533578660753 -63.9382176717122 -4.96452648904588
-15.5536382675171 -52.6044536590576 -3.09125301241875
-7.31259440069329 -43.4536559222496 -3.62069610047014
-5.04504468705919 -57.5412372483148 -3.75177466869354
-7.12393871682589 -24.4359955396809 -7.26110909415073
-8.28495608704 -19.850562590587 -4.76512121248849
-13.6105984896421 -62.6349464654922 -5.77867095172405
-7.34247835477193 -29.4003340647771 -4.27191648116479
-8.66401720758694 -51.26690810474 -6.83226937678323
-18.0675507409232 -57.6322268349784 -6.53847869464329
-18.6112494119784 -46.0099357977146 -7.1862040961661
-10.4962088844993 -55.119205084714 -6.47383476929231
-1.42383210675817 -31.2077830945942 -5.08149002639341
-20.0078889696222 -60.5904018000553 -5.15115207119992
-5.29891894261042 -22.6355742348565 -4.62631700436274
-4.39047476340984 -29.0086672333465 -7.26969417484327
-15.7146279414495 -50.6033129162259 -6.94858054320018
-12.3900095570472 -28.2792775861679 -4.00742715020334
-5.26502133740319 -19.5804295716462 -5.82023787056958
-1.54303535998586 -48.040117056973 -4.25766540435423
-9.16602938142541 -23.9900440320577 -7.41868777471046
-1.67948218186696 -58.1984715094933 -4.87958223391802
-4.45619657337666 -51.4286998748779 -6.99441546201706
-14.5777762777665 -27.3291721904979 -3.80070441260057
-3.33733698347924 -41.2661558339294 -3.71906599192552
-7.45982310731532 -61.4058929701983 -6.03578933618836
-14.7556515667174 -61.7032148043315 -3.79097384214401
-19.1556775834825 -60.2140321277437 -5.70880207939753
-3.17308702292266 -51.6141721466441 -3.82860561064732
-15.0229967662266 -57.8818283081055 -3.32178328587459
-5.77921821922064 -61.5210546851158 -3.75302046537399
-1.56852145169092 -57.1029792868573 -5.12193929630777
-7.28201765105838 -24.7606754075913 -4.49418401150476
-2.95020633061727 -50.9052658081055 -6.46359846115112
-3.85367573797703 -38.8036569356918 -7.42009295523167
-16.4085682048354 -18.5602443828139 -5.88728138457897
-3.34692390428649 -27.9240629937914 -4.53248815404044
-15.0864764473655 -35.3888537320224 -7.28303573781794
-3.06714547647012 -23.3687053027454 -5.63985250232456
-2.7593271446228 -64.4440867614746 -4.35149240493774
-20.1831930845212 -52.9839013906626 -5.99927644240551
-5.71767561252301 -34.9453674987122 -7.72594055762658
-9.37830883348492 -49.0449344473825 -6.89603232665801
-2.85521790560554 -60.1172164468204 -4.03476731917437
-9.46379420492384 -43.800100962321 -7.06857646173901
-8.33547144551431 -34.1426629712505 -4.02995589471632
-13.2222955520839 -41.0020445732221 -7.12386312223461
-11.2446229641254 -63.4096575810359 -4.34909165455745
-1.23305996973068 -38.4663172960281 -6.46669941395521
-2.80647842242168 -27.692982343527 -6.59548710859739
-12.7321314493815 -19.1542859903971 -4.79702981948853
-4.04170552998373 -44.2760930518581 -7.21582781125421
-13.4490178456673 -14.8041712320768 -5.95994000251477
-7.74203049968666 -53.5168938435299 -6.80507066216267
-20.2532137889488 -30.6674483243157 -6.51134058540943
-18.5865267262314 -37.5757789611816 -7.36071766506542
-10.2297880432822 -41.1736035202489 -7.06453910018458
-5.33595469959995 -26.8092501456277 -4.36785010287636
-22.227273841957 -35.6805803373262 -5.43218519780543
-9.90310466823293 -20.7534619516401 -7.20929016284089
-0.327107504452809 -46.4758662233258 -5.51908026591386
-5.66955850919088 -46.4706436793009 -7.18339184919993
-14.5192618687948 -42.7618522135417 -3.39281487147013
-13.882987588644 -50.1535747647285 -3.33971944823861
-13.7671148407627 -25.1707337876441 -4.06692721810139
-9.04805951436361 -32.3449290720622 -7.59370145161947
0 0 0
-14.8263361229087 -33.1874363017532 -7.26521829389176
-3.21904141136578 -39.8284174374172 -7.23584624699184
-13.3183792580006 -39.3563129513763 -3.44640794465708
-1.88369622187955 -29.8591971737998 -6.47257367202214
-9.68300353853326 -37.8233210915013 -7.20591998727698
-7.45978288790759 -32.9862920536714 -4.0613325623905
-2.22415317317187 -59.1266630140402 -4.34869300712973
-5.93840599060059 -23.7231200773325 -7.01122183586234
-14.0363502724226 -22.2438821127248 -7.14810600946116
-2.11386810030256 -28.742217720329 -4.93808019316042
-15.3696253167258 -23.2519270049201 -4.09631084733539
-10.222248165231 -35.1164153751574 -7.28572403129778
-9.28421919875675 -39.842174106174 -7.03954539034102
-11.2123688459396 -25.9085433006287 -7.36563580036163
-9.97140018849433 -15.8032080010523 -5.15749375427826
-12.5871699831702 -55.0189767750827 -3.47312392429872
-3.46876833960414 -45.6291541457176 -7.01223864406347
-8.96263619917858 -47.7761675194849 -3.49425366558606
-13.4888151112725 -59.0467793520759 -5.7331008420271
-11.4423654528632 -21.2519981550134 -7.26073336255723
-4.93421865171856 -57.445515314738 -6.62588677803675
-22.7650630040602 -39.2556519074873 -5.25487998940728
-9.66884997271109 -19.1691648234492 -4.8031410963639
-4.60809448457533 -40.2596191283195 -7.33482114730343
-20.588207762582 -33.0036011287144 -4.52176928520203
-21.1987900605073 -43.9277586550326 -4.26710218996615
-5.16961246331533 -63.1349367777507 -6.00799538294474
-13.5435701946043 -33.2063406458441 -7.25059330238486
-1.29659783351617 -36.8236519235079 -4.61523111530992
-14.8488560698249 -21.902034369382 -4.2545094110749
-11.1079773547044 -28.8179888084753 -4.09595472421219
-4.83631209999907 -48.4788833692962 -7.18112711345448
-17.1464986271328 -46.8463186158074 -7.15906872351964
-9.0489803202012 -52.4757100722369 -3.55012557366315
-6.97432027879309 -46.1370884629547 -7.09258010739186
-13.13663965861 -56.4035064697266 -6.07923006693522
-3.5521661289807 -25.0915129760216 -6.38264291861962
-2.3458957778083 -56.9334729088677 -4.16762323114607
-19.6721483931249 -50.0959995425477 -6.54258762087141
-12.2287592326894 -39.7219506432028 -7.07311748055851
-4.86998218297958 -41.6300146102905 -3.54657627940178
-21.1479254190901 -28.8637649738683 -5.36263572642233
-19.4860038757324 -27.0290286500575 -6.43463829816398
-17.6306734738285 -43.6372996291069 -3.16276223365575
-10.5250039967624 -61.8993620439009 -4.10846671913609
-12.6521659284025 -43.1784280313028 -7.06339080269272
-4.01932000412661 -55.1236897075877 -3.65213365414563
-19.0388123648507 -25.6685729980469 -5.04915280342102
-21.1600872006333 -52.2738476134183 -4.85091802530121
-11.8496428479205 -41.7157049912673 -7.09208345937205
-13.2821662341847 -63.6772927228142 -5.01267517875223
-2.56630178238894 -37.2634754696408 -3.95731208453307
-6.0621608098348 -42.406866769942 -7.17839524102589
-13.2129366297117 -61.4579602631045 -3.85430504906345
-12.4811540423213 -22.5635289372625 -4.37519210738105
-21.5378294178084 -31.2115489922318 -5.51259849118251
-16.8988137774997 -48.5666243765089 -7.0802286863327
-8.72101183732351 -16.5637028084861 -5.23300114605162
-21.9215114275614 -36.9499025344849 -5.6668443997701
-9.76235875949054 -19.4089418330663 -6.97974538803101
-17.8145978382656 -58.4663045065744 -3.42717390401023
-4.83323832308308 -61.2591992067487 -6.37786151585954
-20.9016419852652 -27.8718977517229 -5.56859572340802
-14.8654626778194 -24.2803438731602 -7.21017540636517
-1.62281318828464 -45.3048032283783 -4.17902113497257
-13.7588695798601 -57.7881394423448 -5.83086871481561
-7.96682850271463 -46.6755964159966 -7.01339527964592
-19.3023730057936 -51.8993906852527 -3.52922633061042
-6.91792639819058 -19.0708428915445 -6.62664685311255
-7.38415615503178 -56.0832711153252 -3.84144791891409
-0.735223656030078 -31.4252115801761 -5.89656771484174
-21.0296669236149 -40.2204203318401 -6.71274377064533
-5.9417900394749 -32.5475596866092 -7.61336376860335
-1.16001636346181 -42.2005450948079 -4.49243036270142
-12.2403208848202 -36.7493743896484 -7.25901765534372
-4.53753983589911 -26.0975830631871 -6.79732795684568
-3.83269017083304 -65.1023665447624 -4.0680174389664
-19.669373498836 -32.5263606595321 -6.83172653090786
-4.58490727587444 -48.7624057676734 -3.54735541343689
-16.6913500513349 -20.001722403935 -5.25710165500641
-0.346189301135018 -35.0581784248352 -5.66101107597351
-2.95021089788986 -34.8472071085891 -3.92067609421194
-5.78925383090973 -28.8424940109253 -4.31920558564803
-9.38791590603915 -14.4408201217651 -5.72066756595265
-15.8253386815389 -54.4275682576497 -6.59292721430461
-0.837964646391949 -35.5965308496508 -4.9132356482037
-15.0864969522525 -29.0344344652616 -3.62958042743879
-10.1436823957107 -61.7322851068833 -5.45021116733551
-3.4679779112339 -53.8631973796421 -6.58345299296909
-10.2096353636848 -50.5238257090251 -6.79748634762234
-19.5904966990153 -36.4067542247283 -7.04037228608743
-6.35974781248305 -64.0558731079102 -4.9760457250807
-6.2851887740098 -37.3879119575798 -3.78953579803566
-8.11191277792959 -28.5980067108617 -7.67030684153239
-16.925537333769 -62.7747364605174 -5.77967617792242
-21.2292884768862 -36.775192491936 -4.15502409140269
-19.4159835936531 -40.0713596646748 -3.43927442838275
-1.68415815608446 -48.2906599266585 -6.03564253518748
-16.5573693770397 -23.801048182234 -6.98284284977973
-15.2405784865956 -16.9047813415527 -6.26523816144025
-20.0071671538883 -41.3831907378303 -3.66125932004717
-22.5376992119683 -41.9099105411106 -5.08325303395589
-18.0604965266059 -24.8582943748025 -4.71023186515359
-6.87158964739905 -27.0079593128628 -7.47166948186027
-1.2151125743148 -29.2405014252395 -5.60318336058199
-21.9223465389676 -45.4753562850182 -4.93598106654003
-7.29008216362495 -31.3047917105935 -4.17664309910366
-13.2857983553851 -30.7955551853886 -7.42349994624103
-12.4985913532536 -46.3430264170577 -6.94140417401384
-18.0742629807571 -34.1506775165426 -7.30373671959186
-9.02230524638343 -61.771230788458 -4.08013988676525
-21.0248296333082 -35.9867454875599 -6.30821673075358
-11.1275065998698 -35.7092239025027 -3.8517925018488
-17.8969726797975 -56.7640787760417 -3.3897664959048
-20.4531478128935 -55.8512592817608 -4.31702221694746
-10.9368332253128 -46.0076800487081 -6.95722165654917
-17.4871029172625 -36.7492325646537 -3.17911672308331
-20.5459414262038 -51.391399530264 -3.99086712262569
-4.75977180428701 -54.4860081607348 -6.98702634523993
-17.216795161619 -63.3888425018828 -4.24093873622054
-18.7636450661553 -36.0068226390415 -3.46930584973759
-1.00929238259792 -51.1531253433228 -5.03010276794434
-6.75490850039891 -33.5598952702114 -7.65746145248413
-19.8857851195754 -37.8875254580849 -7.1587184270223
-19.2662636683537 -29.2441960848295 -6.79139231901902
-0.84760341492105 -50.0499571130631 -5.13122367351613
-12.3432038435295 -26.7360610961914 -7.3581106983014
-16.0286631641618 -37.8675555033856 -3.20880297580397
-21.4837319634177 -34.6963022983435 -6.16162007505243
-14.1406387535922 -42.2254844114005 -7.13169408706297
-6.59972517211716 -21.2734711139233 -6.96707646258466
-11.8433188451848 -24.3839381311981 -7.37995859602807
-14.8411294969462 -25.9459312891556 -3.92222717252828
-3.68724755391683 -44.061122423982 -3.51757189998888
-12.0745833356616 -53.2112454159159 -6.5990141344742
-16.0612358905301 -39.7833296143182 -3.2263439834708
-4.67565479116925 -41.9869090581344 -7.24500646429547
-15.6428471368457 -62.8983893621536 -4.09883446163601
-7.82004164904356 -59.4450332522392 -3.92304008454084
-5.42929423694879 -35.9188509121747 -3.84498623727073
-2.24139778614044 -53.2666321345738 -6.01311926841736
-12.2769204416583 -14.7616675592238 -5.44239559481221
-21.7277813473263 -42.8283826467153 -6.21521804783795
-6.55914664268494 -63.1852324008942 -5.76860317587852
-11.5065367648476 -56.682957056949 -3.66930126390959
-2.83007918085371 -47.1812019348145 -6.76564380781991
-19.7443513430082 -43.8708987309383 -3.65847507990324
-9.82853609985775 -35.105347527398 -3.9531845913993
-21.8849375406901 -41.4289164733887 -6.19472766876221
-2.34033437227381 -27.6158966524848 -5.07976231081732
-7.09994044935847 -54.3858120470162 -3.71300149825682
-8.83446448277205 -56.7422561645508 -3.85047723696782
-16.2656797170639 -25.477594031228 -4.07355059517754
-4.15280720922682 -27.5909194946289 -6.94314163450211
-9.77914333343506 -33.8306932204809 -7.38703259443625
-19.9291524108575 -47.2923630305699 -6.68286926892339
-13.6290444493294 -53.5382196903229 -6.59144667387009
-10.2283862233162 -27.3415665864944 -4.24524410367012
-6.54348843939164 -58.9495130987728 -3.84631973154405
-12.0612204016709 -57.7814618087396 -5.80293465823662
-7.39282367555358 -16.371856915865 -5.7618272390297
-1.35727167044367 -46.9495668138777 -6.16605907167707
-5.78767366409302 -52.299986912654 -7.17083820196298
-11.1645193595391 -27.5790551173223 -7.41685605978037
-16.6978898897563 -22.4500027225442 -6.78853539897971
-15.934075751862 -25.3222544038451 -7.19049591213078
-4.04000092347463 -34.0748264312744 -3.89947666724523
-3.56613896549612 -30.5911285566247 -4.36846259020377
-19.9242133533253 -45.8185180776259 -6.79297520833857
-11.3132055190302 -53.9673202883813 -3.54960214707159
-3.03172721379045 -62.9223068347876 -4.19559138408606
-3.61497635904111 -55.427470809535 -6.58411867995011
-11.7963498391603 -38.8246072969939 -3.61441948225624
-2.63164576846109 -46.6322553392867 -3.8406615593064
-8.52938977093764 -60.5492659018073 -3.98333394359535
-4.03965292542668 -38.5076242220604 -3.6017538490942
-9.3022714131315 -49.5525400940801 -3.48843604745999
-6.30167082460915 -47.7115469211485 -7.11399979126163
-12.379386455782 -62.9316803716844 -5.56671467904122
-17.6350892684039 -51.398630658318 -7.07101018569049
-1.19568675837001 -35.5013260196995 -6.38929217570537
-9.53659462583238 -27.8714247717374 -7.58311132071675
-17.7796541634253 -62.3294750795526 -4.01054431624332
-5.26383660861424 -60.3450105939593 -3.71251826626914
-7.50499372977715 -17.798676305003 -6.41407784548673
-12.5690248955128 -44.901123046875 -3.55017830604731
-1.67900873120151 -32.2785757833452 -6.59471640658023
-10.9039620486173 -39.762532172265 -3.6643890808155
-15.633283444305 -37.3273412220514 -7.18019902528222
-18.7210044323559 -63.29483623236 -4.13966686624876
-21.9324700037638 -38.8398014068604 -6.22409910360972
-11.0524113480474 -18.4412840185031 -4.83840046466236
-20.1685331406132 -31.30582557186 -4.49534138300086
-5.7702224916882 -31.5735326343113 -4.12943949302038
-7.3678607768323 -52.2206238436412 -6.92839754058654
-4.7357155642932 -29.9160398652282 -4.25226652773121
-7.46876963903738 -63.7966378234154 -4.76522541046143
-20.5956140386647 -37.1269135968438 -6.73909459442928
-6.557533715566 -50.3292186991374 -3.46537337303162
-7.20687063301311 -25.6634255016551 -7.41617246235118
-18.0865436900746 -44.0673004497181 -7.34639998638269
-16.702011616199 -23.9099680665251 -4.3364315652228
-18.0074394639716 -51.2019572889948 -3.18089161723493
-17.3167225166603 -42.3763999468015 -3.11385609779829
-2.0869246284167 -36.1042313893636 -6.94538861910502
-15.1439272095175 -50.2588755102719 -3.18903520528008
-21.9983017222087 -35.5124811299642 -4.51319506327311
-12.7377332361733 -43.3430570741979 -3.55501488069209
-6.25628954324967 -20.1249715364896 -6.69788460242443
-6.96058466508216 -22.967931314842 -4.52905145133894
-5.64932130088269 -56.0999603808766 -3.78614611357031
-9.73440886197025 -20.6578498474539 -4.6960235556511
-15.1359512494958 -22.9470303300498 -7.06607522135196
-4.81944343873433 -43.3118641035897 -7.26411188500268
-22.1517948737511 -33.4635122110555 -4.96526188902803
-16.9380586774726 -55.2225614346956 -3.11217937971416
-15.8527540119215 -44.2759858931618 -7.18426621097258
-4.92005172187899 -56.0988041442118 -6.77278678799853
-16.6645338915396 -57.4913950933926 -6.61996365975643
-12.5141797346227 -59.9890940049115 -3.81812776397256
-16.5326277891795 -39.6324154535929 -7.19297461509705
-6.32447078011253 -30.2563706311313 -4.23229291944793
-5.79518889689791 -36.3640583978183 -7.54987970296887
-20.854925455672 -46.6892872070998 -4.10261561897364
-21.0405859189613 -53.7301616490444 -4.86762567324059
-16.6091578181197 -34.2955714900319 -3.19772887229919
-21.0271672010422 -34.4113988280296 -4.33747446537018
-3.75718554239424 -57.7361975775825 -3.7974911076682
-8.72909458796183 -50.8140558878581 -3.50733309745789
-17.8415434701102 -49.4230836686634 -3.22112110682896
-8.95665612538656 -22.5623413848877 -7.34406858444214
-14.0361112045915 -34.2104337509364 -3.50941707989941
-7.58858690590694 -52.9032241558207 -3.56427709535621
-16.4108012209656 -56.6091132215274 -3.15504369940809
-10.253346988133 -57.8534039694165 -6.08979384861295
-20.5955219770733 -33.5955726221988 -6.55965827013317
-12.3192164301872 -30.1303228735924 -7.3952037319541
-8.38433663419975 -15.3392122697461 -5.72604085863099
-8.5978792704893 -63.7469624722942 -4.97089244006725
-10.115057855039 -60.4005771327663 -3.9791904269038
-12.4341709722172 -53.0859691012989 -3.43169863928448
-17.310607949483 -53.4348901964955 -6.88064848024821
-4.10154334306717 -26.6718166828156 -4.49016152620316
-3.31094776029172 -52.3758677054143 -6.55796375136445
-10.1561143932058 -44.9023718193396 -7.00335022940564
-17.8956703186035 -39.6940078286564 -3.15130595038919
-3.27727638294822 -33.0623355263158 -7.16876611709595
-3.74957718218074 -59.1652386048261 -3.7418493698625
-22.3570635868953 -34.5764322804881 -5.04088792172107
-19.301464058104 -23.1922683942886 -5.78426231089092
-10.2435695966085 -48.3374353408813 -3.4633109331131
-22.1441718708385 -39.9704221552069 -6.14227865392512
-3.19795021533966 -26.5181899642944 -6.46699924468994
-3.71284524806134 -50.2681317515187 -3.73655077079674
-5.88370793963236 -26.2319631727915 -7.24088428890894
-14.5662145891051 -60.1818035512731 -6.13465942852739
-8.9652345591578 -30.8300341025166 -4.18471871299305
-7.25021186422129 -43.4106974992596 -7.16396082424727
-14.3770976861318 -38.1197601954142 -7.15507720311483
-12.662131468455 -24.0617880209898 -4.28770694365868
-11.2529199713528 -13.6295460804854 -5.84363960511614
-15.3667255856774 -36.483915979212 -3.21880397471515
-19.2403055667877 -55.9339349269867 -3.71886457502842
-10.1309556843322 -32.1412413561786 -4.05371463740313
-2.49567894803153 -44.2282977104187 -6.73006198803584
-11.3005131452512 -51.8963571695181 -6.69644828943106
-10.7039061188698 -23.4514736831188 -7.4157649576664
-6.19388863481121 -40.7249674384977 -3.64282980965979
-18.396071434021 -36.1196132024129 -7.37374250094096
-10.4121166124736 -39.0188712028608 -7.08477853748896
-15.1871544647217 -44.5428445943197 -3.37473749478658
-1.14972763692123 -45.0766362176425 -6.1111305900242
-8.82879501400572 -52.7847146698923 -6.7347775589336
-20.5587122990535 -29.4390101066002 -6.14507714295999
-15.5703253868299 -63.5968744326861 -4.99712406060635
-11.0339070672858 -40.2280650204175 -7.05166929062099
-18.3663876731441 -21.2379324391203 -5.7634182516134
-2.40402481817219 -56.3089650820379 -5.99174110203573
-9.7206677584581 -33.5369429789798 -4.0075161960763
-2.96127976032726 -60.2676691423383 -5.71945341846399
-11.9192457355437 -62.170154008709 -4.01725186676276
-9.91373719924536 -25.8537694490873 -4.39589679546845
-12.4879981243249 -25.4247102159442 -4.22716127742421
-2.20711216411075 -40.9688380473369 -6.88717378152383
-12.9916665280452 -47.4382237919041 -3.42480061093315
-10.3820631617591 -42.6163319633121 -7.06343462921324
-6.68164880940172 -44.9138369325732 -7.16032465168687
-3.54594571694084 -61.4048145681188 -6.00182469685872
-14.2655363991147 -50.4027119591123 -6.85064880431645
-9.9127683363099 -23.794071584508 -4.50011556044869
-12.6995297114054 -33.4357675679525 -3.76740370114644
-1.08224925796191 -52.3352767096625 -5.06623419655694
-13.1978260857718 -49.5941598619734 -6.84550920213972
-17.8673231336806 -46.060979537022 -3.29106146612285
-14.625665977353 -17.3908205814049 -5.44905632050311
-14.2801002888452 -46.6860624040876 -6.97482293560391
-14.5988545770998 -19.5327037528709 -6.76751117353086
-2.01755380055991 -49.9299312729433 -5.99130648877247
-20.4079079823951 -35.6590874031798 -3.97943310215049
-20.4453231895363 -57.9942896497119 -5.02402742616423
-2.20700671905425 -42.6287556159787 -3.94907298320677
-15.0359109907008 -18.5000140916056 -6.55255000982712
-2.6637015267024 -58.1030912853423 -4.10848876029726
-21.5500694337438 -42.4565286480012 -4.42565801495411
-17.0641020536423 -33.979612827301 -7.31874682505925
-19.1912757782709 -57.8937347957066 -3.87003192163649
-13.909440167745 -44.2223781840007 -3.48502326647441
-22.4369508214744 -36.7039418507771 -4.81184633668647
-20.7882987431117 -49.0657291621952 -6.05255118045178
-7.94041162378648 -21.5627634198058 -4.62133436576993
-9.5772649794817 -63.0670128464699 -4.36243395507336
-11.1256283424996 -24.6659832000732 -4.42778406916438
-17.4702548465213 -26.2408840076343 -4.09919277397362
-19.1592008209229 -50.3732819112142 -3.47271651903788
-2.12385867118835 -30.2328271484375 -4.84714614868164
-16.9130381932334 -37.9905821179587 -7.22308902891855
-16.0986976220574 -49.133509085212 -3.18666143820319
-17.1941920883802 -54.8740516584747 -6.70483113308342
-20.4127756754557 -42.7078451626543 -3.90575714387755
-11.9259424751455 -63.8464308218523 -4.9984090978449
-14.0629894810338 -62.7501514803979 -4.02113035417372
-14.6886789863174 -20.2993928290702 -4.64836954426121
-1.71275794353241 -55.6842835744222 -4.32806719877781
-8.16965596079826 -27.0698535442352 -7.64625000357628
-5.80456783930461 -47.2189723205566 -3.43098543802897
-14.0180462731255 -30.0218266805013 -3.75891585085127
-17.6111378047777 -22.3234049202739 -4.81850436113883
-9.71596607881434 -55.5792729097254 -3.73937873840332
-14.5547462764539 -30.4519724929542 -7.38931288635522
-19.3108735493251 -61.6378746032715 -5.51249983651297
-4.52204384406408 -51.2368502934774 -3.52379633982976
-11.1734862913165 -33.8764317161159 -7.26999116362187
-5.2265060894073 -21.1240214090499 -6.52683051427205
-8.69343239137496 -16.7445996492759 -6.37672713159145
-15.3690993520949 -61.2422850396898 -6.31775793764326
-9.25005020593342 -45.8742588946694 -3.56403450275722
-5.02532905555633 -25.3736209409783 -4.45761686922556
-21.0410863090964 -46.0169780506807 -6.09591289969052
-18.9224345516151 -42.5517947774538 -3.4053864915606
-17.5567039396705 -27.4049344644314 -3.61272367616979
-1.09406489260653 -53.4306387799851 -5.17367824595025
-19.3154572844505 -33.8269304633141 -7.05581056326628
-13.0489530312388 -26.8272838090595 -4.02395303625809
0.0799821331141973 -40.6694024922896 -5.5620754835557
-6.44499327154721 -27.784982064191 -4.37629793672001
-14.6481654251678 -32.9577602917635 -3.46677755404122
-1.94595642983913 -41.0272602558136 -4.11708949804306
-8.2538854410482 -17.9374784868817 -5.01531171244244
-5.5121453050254 -54.7226983775263 -3.65033470029416
-18.9331040320458 -54.2764132611163 -6.50942623460448
-11.9247171228582 -44.7253767236487 -7.02134742365255
-9.84678592681885 -29.0892474365234 -4.16726430257161
-10.2988037109375 -32.8003303527832 -7.47142567316691
-1.21649342965572 -46.6855931789317 -4.41448308051901
-17.9177434774546 -59.8304376455454 -3.48218212127686
-16.8118281023843 -31.8903723444257 -7.32955251421247
-8.56899394094944 -42.8133725523949 -7.11163275688887
-18.657280096847 -31.5633318826054 -3.88103284996547
-13.8438840206758 -45.8394865813079 -3.4742438616576
-17.6902218324592 -28.9822084128139 -3.58848250917642
-18.283657235159 -55.9127148910308 -6.65686635568108
-6.67365000406901 -26.1987217966715 -4.44316332499186
-0.683370715898016 -48.7675005042035 -5.12003255408743
-21.1299790173042 -44.4337606662657 -6.19987123768504
-14.3960005304088 -31.3019762453826 -3.62976161293361
-17.4774552209037 -41.7777657100133 -7.3240688255855
-19.4118759998908 -64.4680928083567 -4.45817265602258
-1.13120052774074 -42.0837568509377 -6.31544176198668
-12.5173652140299 -34.8863375854492 -3.72671049435933
-8.61534076266819 -29.2107531759474 -4.23369114928775
-17.8875378107621 -40.3890512110823 -7.32838991941032
-5.94671349997049 -24.2486847678384 -4.46248970974933
-2.19408292662014 -45.8589978073583 -6.52125638181513
-16.2163217231019 -22.1630783081055 -4.42072955222979
-0.831662587821484 -40.7030581746783 -6.30782549721854
-8.26542394933566 -37.3052891476054 -7.27953034387508
-13.6988025117428 -48.0533089739211 -6.91634930448329
-21.644171636039 -49.4354061161706 -4.81745679225397
-2.19381696876438 -61.3488481894307 -4.9720771778589
-17.3033225819216 -61.0316311464471 -3.7536102230266
-7.29815059994894 -50.7417526245117 -6.96386003494263
-3.54765006677428 -24.1719437499545 -4.90400557731515
-3.32875962257385 -29.2357146581014 -4.47172962824504
-3.97813645870455 -56.4933109283447 -3.78545689967371
-2.60470461363744 -24.6096571142023 -5.49064529303348
-14.5660288562513 -51.9267787149508 -6.77312926070331
-0.101503508412322 -37.9583347461842 -5.75100316824736
-19.9140349758996 -37.0875074598524 -3.68795897894435
-7.86412596269087 -62.8508932633833 -5.64191592823375
-9.03193901286406 -27.3924745447495 -4.31084456724279
-1.71986238161723 -54.3429217656453 -4.34141365687052
-9.67095972509945 -31.1368168101591 -7.54031984245076
-4.21511470048855 -31.7011975263938 -4.21455125319652
-5.4747281012597 -34.4884583609445 -3.92318523084963
-19.6653231228099 -44.3600538814769 -7.04251969281365
-7.44931328296661 -54.8946565179264 -6.73871113272274
-17.7378493436833 -64.4269432382485 -4.78354169412987
-11.5905438516198 -41.8717409924763 -3.61704214898551
-19.9551746933549 -60.7654316749102 -4.26309436927607
-13.845794249272 -26.8561575239983 -7.21861429490905
-15.6964836282245 -34.2516138755669 -7.29641109401897
-22.7469759941101 -40.6908187484741 -5.29461834430695
-11.9437199147542 -50.4267882283529 -6.78334158579508
-18.2473421626621 -59.235699388716 -6.30356743600633
-0.94974492075517 -30.3317689993947 -5.85334692787878
-19.9105161414089 -62.2253884005259 -4.74380088139729
-7.20276012913934 -22.462639216719 -7.19192667665153
-11.2132140706094 -37.3503763005975 -3.76069782289226
-10.0287924803697 -42.6282187622863 -3.66966230528695
-12.2423084151577 -32.8036835361534 -7.30596714960018
-7.00322616836171 -31.4720338892054 -7.70737791650089
-7.08839459551705 -59.2882369889153 -6.41578036546707
-15.4358500762725 -46.0598385233275 -3.36296664828986
-11.6713042375518 -19.8114462364011 -7.05961366979087
-15.2895162603357 -34.9192899347662 -3.23816216908968
-8.49093208814922 -18.5814084253813 -6.68152223762713
-0.708948647560075 -32.2850930635319 -5.45829725819965
-6.07588989594403 -61.9310426899031 -6.20876288881489
-1.18945852192965 -37.1740675261526 -6.55829008420308
-8.56375300199136 -54.5243105833558 -3.72400846426514
-10.8002248432325 -36.7087679323943 -7.27811633676722
-17.6531053365663 -32.9163530039233 -3.45715224465658
-17.8748092036093 -28.9373480581468 -7.16376265402763
-16.4121904770533 -58.8094383875529 -6.58192869689729
-4.75501487102914 -45.2169011298646 -3.4850861518941
-2.28144701559152 -44.1330630174324 -3.89037872072476
-15.0739882263956 -59.2824773184861 -3.56745363790778
-17.6049256910358 -30.9157434095416 -7.30648467415257
-4.42637577828239 -53.8369228699628 -3.50707562881358
-8.64602846990932 -57.1769541393627 -6.41923301870173
-19.4376259251645 -48.697437687924 -6.83932751605385
-10.7596239889822 -49.6978479816068 -3.49100800483457
-9.50002997799923 -36.3035170906468 -7.3057534380963
-20.6519418569712 -49.8800380413349 -3.96887919719403
-8.42311882663083 -23.5201034050483 -4.52928641554597
-18.6974870860577 -44.6770693659782 -3.3820073902607
-10.3821782940312 -46.6481879886828 -3.51366871595383
-13.007932856463 -48.8136752031851 -3.43127273476642
-16.0084704822964 -43.4734665022956 -3.22360638777415
-19.3800670896258 -59.5146704537528 -3.89254032543727
-17.3229382038116 -36.8294672966003 -7.317669740745
-3.00593579477734 -48.0332011116876 -3.73799270391464
-4.76279455707187 -30.4176379158383 -7.42131324609121
-3.45196274916331 -65.8072490692139 -4.35982131163279
-0.277798871519318 -39.4140690074248 -5.62479163899141
-10.3748375387753 -22.1544584666981 -7.35362876162809
-18.8199317034553 -28.3340585820815 -3.95319962221033
-5.62457250077047 -58.6283329151295 -6.651386131475
-8.91655543356231 -34.8266165184252 -7.3833958307902
-19.042358342339 -51.3698717379103 -6.78699108198577
-4.03586800062834 -58.3931244807457 -6.28927224429686
-6.74305449426174 -60.407127737999 -3.87665842473507
-14.2387022560025 -54.9685425934968 -6.40576008219778
-5.11074072381725 -50.0071752244148 -7.13408997438956
-6.2818017947821 -42.4529884244189 -3.59041797084573
-6.12465328755586 -51.8289318499358 -3.46407633760701
-18.6496190759871 -37.6138198110792 -3.31388537751304
-10.8336048299616 -62.8960221030495 -5.45964491584084
-21.6651072868934 -32.3253599496988 -5.51515380694316
-17.099703057607 -20.8952711105347 -6.49936161835988
-12.8953735060611 -61.5106783074848 -5.68246695146722
-14.6004837598556 -56.6238033588116 -3.24565516068385
-8.30067079278487 -44.813887970357 -7.06775568708589
-6.56390362172513 -57.503217026994 -3.84375364393801
-10.4173287215986 -30.6008408195094 -4.11543479091243
-11.5641205687272 -56.3170389878122 -6.25980097996561
-9.71880443045434 -17.632827434134 -6.65709185093007
-3.72310962099018 -49.6668635859634 -6.78800188411366
-13.842292116834 -23.1278244613053 -4.16246914553952
-19.4381448068926 -56.8124769272343 -6.18730473518372
-16.8501399825601 -44.8770237529979 -3.22905152685502
-15.6511698683647 -47.6695295882552 -3.2803143605794
-0.263413751896317 -41.8130952500805 -5.31135793076348
-13.0716892954815 -16.4079350046365 -6.73476918921413
-19.8495898194365 -28.1357763520964 -4.75845078059605
-16.4405115174084 -28.5745736098871 -3.48032976069101
-16.9337986809867 -50.1313879830497 -7.05533706801278
-10.1634940234098 -38.3113438432867 -3.74536772478711
-13.7013369264274 -31.9517533203651 -7.36366508746969
-3.39787140346709 -31.6217617156014 -7.08123484111968
-15.9079465738932 -62.473337504069 -5.94003253936768
-12.7466428875923 -37.7913023471832 -3.58642170727253
-5.09777708177443 -43.2356871567763 -3.5070816882245
-6.52794986089071 -37.7262016296387 -7.34743633906047
-7.09213537123145 -18.5109186172485 -5.04915422928043
-13.9336354406256 -53.340868176912 -3.28582358109324
-1.55133358127362 -33.3210190953435 -4.70380665804889
-16.1395453250769 -36.2738470019716 -7.26125787243699
-17.0460128364982 -31.5359271961254 -3.40215376969222
-3.9883026429585 -59.7148336138044 -6.23828657014029
-8.06134075522423 -37.1611605167389 -3.85253636240959
-4.40521225562462 -47.0939834510887 -7.18592517454546
-13.8901348662102 -35.9706074506387 -3.47214392683972
-4.34266649121824 -46.8705854415894 -3.42418681538623
-16.5083420234814 -62.0290956329881 -3.91697326041105
-10.2595246829818 -13.6935230525194 -5.79360619266476
-8.2553345088301 -35.9150908239957 -7.37226320135182
-4.14466903209686 -21.4189664840698 -5.52468114766208
-15.1763757235044 -48.9917936944342 -6.96570976059158
-2.91353407587324 -26.6294664655413 -5.02785805293492
-4.56887665002242 -64.2794198575227 -4.08129138013591
-14.7669621834388 -40.9826665438138 -7.17793746361366
-12.1803775200477 -59.4150585467999 -5.50979187305157
-19.0219966383541 -62.0765740450691 -4.03328824393889
-6.47180657982826 -62.8849846363068 -4.01074085235596
-8.31549398204948 -31.0130717844903 -7.62258140346672
-9.49643701902577 -60.3537712634449 -5.71013275334533
-19.5457391341527 -24.1264943480492 -5.52915812035402
-12.9114061243394 -28.084885485032 -7.23921709902146
-9.6582529317765 -44.441869871957 -3.63069940181006
-1.27593518387188 -55.9840473819089 -5.22473294394357
-10.2685103332787 -47.571547926518 -6.93298851816278
-5.27609632044663 -50.2659881497607 -3.47083358117092
-15.9276915868123 -41.8829380289714 -7.23506416320801
-9.09931168086092 -54.3534300360881 -6.61886689360713
-20.1025762667601 -53.1691942324584 -3.95545942481907
-12.0317458825953 -46.3356351291432 -3.50744604363161
-6.05920134484768 -51.0268106460571 -7.12887063622475
-7.91120232413797 -45.0185263689826 -3.60518976940828
-17.2537628809611 -19.2624410180485 -5.98074422630609
-16.6366439079171 -59.6079512638832 -3.48770169001907
-8.21752199633368 -26.1692615815963 -4.44340988685345
-11.5323099426076 -50.927335859854 -3.47919467431081
-1.25928852210442 -54.6930412054062 -5.20280768970648
-13.407181708018 -16.2631466070811 -5.3447340965271
-12.14934618632 -58.2883204650879 -3.74404306729635
-10.1702652931213 -24.8778583254133 -7.40167038100106
-2.68874818166097 -65.4290345255534 -4.9399720064799
-5.95230409663211 -29.5528676432948 -7.57653300992904
-10.0924739226317 -50.8537074358035 -3.52102761085217
-17.0887811146085 -21.2000570448618 -4.99015761178637
-11.9345355517622 -15.71757141058 -5.17770280008731
-6.38716776503457 -39.295936955346 -7.22252470254898
-12.9341169545348 -37.9987907946949 -7.14861106200957
-16.9583214846524 -53.6700197470309 -3.05843745337592
-15.2038140375106 -31.8605160635026 -7.35035700876205
-9.34038078462755 -22.2472645527608 -4.57509667808945
-14.1290825244992 -15.4054020615511 -6.09474732155024
-15.3833024437363 -57.6017567918107 -6.22663807224583
-11.4611845660854 -38.1410376059042 -7.15080984863075
-13.5746947009154 -58.787571454289 -3.6523197395633
-8.16594202859061 -60.431676701137 -6.03413149288722
-3.77745780077848 -64.9170218727805 -5.73073862249201
-3.40277119421623 -52.9823318803814 -3.70633698517168
-6.62167903510007 -17.2885015805562 -5.73707307468761
-11.2298353220287 -19.9446909553126 -4.72524265866531
-8.93131819767738 -61.9689473394138 -5.63221301605452
-20.5989396992852 -56.3702489067526 -5.49516661026899
-18.8901893442327 -31.4358376011704 -7.03418072064718
-7.00776239002452 -36.315105269937 -7.46885127880994
-14.1034836769104 -43.7960384913853 -7.10866158349173
-16.7825930477822 -46.6762688519203 -3.2524250206882
-14.6093665186564 -56.538962504069 -6.07112763086955
-1.63924757577479 -38.2099664211273 -4.37255746871233
-15.8221103895956 -60.6198803915906 -3.75687912684768
-19.0473268807652 -26.888820119651 -4.50075389965471
-20.4895602416992 -56.9757458496094 -4.5089715385437
-11.9471781889598 -49.5652591069539 -3.48035180171331
-14.6129088768592 -16.2151832213769 -6.14778413680884
-2.56855722375818 -34.5567121763487 -7.02623108271006
-18.0241868668708 -32.6442684228869 -7.19663843210193
-20.8474847216939 -55.0335279952648 -5.08674165814422
-8.68183260429196 -25.5036840438843 -7.45704282202372
-5.87819610536098 -31.0808542172114 -7.60792277753353
-12.9673840713501 -51.645897064209 -6.7235679880778
-3.97024378694337 -60.6704116032041 -3.77999140065292
-2.99840180841211 -33.3242215195747 -4.20244847258476
-17.0026697540283 -35.3048401896159 -7.32840094248454
-21.3056916267641 -41.1618562513782 -4.13695444214729
-14.5344574186537 -28.2146237085736 -7.19345025410728
-9.35914891958237 -59.0380522251129 -3.93038930296898
-10.8879010426371 -49.0280384264494 -6.87168704208575
-17.1445866539365 -59.9536265418643 -6.46440946488153
-7.61760502595168 -41.807867979392 -3.66076762248308
-15.9661373658614 -19.9878383694273 -6.60680224678733
-9.15595097839832 -29.6654984951019 -7.5123003795743
-9.83798396398151 -26.4485571725028 -7.49572366381448
-13.4926918056649 -29.3531442024338 -7.32363888243554
-9.55679869097333 -63.5168982217478 -5.36016149299089
-7.05364684091098 -39.0156559598619 -3.71179774878682
-9.27961081674654 -46.037790742639 -6.98354341559214
-2.12345658987761 -31.116619259119 -6.71484895795584
-4.47275067329407 -23.5477362569173 -4.7233827718099
-11.8340833153523 -35.3660210085587 -7.28653823825675
-15.8540458956968 -17.7006571501204 -5.92945078970159
-4.67175366939643 -53.0297998770689 -7.09080206430875
-9.69498328308561 -17.5329554543566 -4.92972550463321
-17.044467196745 -48.1427456911872 -3.17478196059956
-16.3734428647538 -40.7292829701598 -7.24832665080756
-18.651336141733 -30.1362134493314 -7.08873405456543
-9.03628741114973 -25.0178623888866 -4.49286853836243
-10.5611134620562 -14.4679295918713 -6.56498963212314
-1.93198459383882 -53.102352095239 -4.29330288333657
-2.69532106572931 -38.7348168113015 -3.86602249578996
-21.8262347230817 -46.6751720315159 -5.10236486586014
-10.9647345128267 -45.0368828980819 -3.58492585627929
-3.55308739344279 -37.4425332995429 -7.42797988394032
-7.3442498114374 -47.9465307129754 -3.45624632967843
-13.2955234366727 -19.6488252662751 -6.94731495179326
-20.3686329819435 -51.3699949397597 -5.93258394751438
-18.9923711140951 -35.1147404352824 -7.25262309710185
-12.280347934989 -22.6731784066489 -7.35585828160131
-15.9254727893405 -46.034796215239 -7.10954075010996
-19.623857828776 -28.1998391723633 -6.49774512608846
-12.8492941856384 -51.8848776136126 -3.38834250995091
-2.84629139824519 -49.4675354730515 -3.88641593569801
-14.3725199082318 -63.6232019312242 -4.94153033424826
-6.14154345880855 -48.9107718034224 -3.43637037277222
-7.39644577923943 -61.6809206008911 -3.94953709490159
-17.0538635504873 -56.2165023402164 -6.67140238536032
-19.9529832204183 -54.5747598231524 -3.86242559586448
-19.395986055073 -58.0009172004566 -6.01920025808769
-0.755930432971095 -40.5704139924385 -4.69054837294028
-14.092294216156 -60.3165577336362 -3.75505391547554
-6.09465678309051 -57.2035532669282 -6.72693146450419
-17.3385664833917 -38.3386606852214 -3.12806993060642
-11.6194893051596 -61.7583463332232 -5.44008110551273
-6.01038912932078 -40.7767098214891 -7.17908448643155
-16.7305356372486 -35.7264516136863 -3.16605402664705
-14.1501221964436 -34.5913136389948 -7.280174855263
-4.71317589885057 -20.5276475386186 -5.48596181773176
-16.091422478358 -33.0023802348546 -3.23681304852168
-11.46427951361 -16.9409259494982 -6.84022402763367
-6.8842159475599 -35.8995194026402 -3.90527265753065
-16.9741312798033 -30.1007711532268 -3.46424383812762
-2.59725036746577 -63.3912924214413 -4.97282148662366
-8.93093504049839 -41.4122088505672 -3.69540184277755
-18.7111229366726 -30.1502663412212 -3.9233681920134
-5.09750949768793 -58.9427113003201 -3.71470411240108
-5.94958957465919 -53.2656450529356 -3.52737331712568
-18.5652907362608 -52.7568697350047 -6.84418787466031
-13.0475601679842 -25.2891519036092 -7.40222325123532
-20.7419666349888 -39.7868276238441 -3.87888600304723
-20.5290346990658 -45.1907261232787 -3.92575445356248
-7.7823325897518 -48.3520786887721 -7.00229893232647
-4.73072014836704 -40.1017040925867 -3.58254395863589
-12.7371118521389 -63.2066901967495 -4.19234918642648
-19.7727711384113 -39.8228687139658 -7.19038524994483
-18.8805505075762 -39.0251451923001 -7.34648101560531
-4.62488828008137 -52.4280089121016 -3.47303128242493
-14.324373281919 -51.493519905286 -3.24027285820399
-1.62951806932688 -33.7762568261888 -6.53589539395438
-1.97132544600686 -60.3750675112702 -4.76623107666193
-2.95733709213061 -48.5812575511443 -6.67027741212111
-4.22858681517132 -35.4494648949575 -3.77063490980763
-13.5605865478516 -20.1493329561674 -4.61479727671697
-17.6942891340989 -39.0360227731558 -7.27539411874918
-18.5237728590818 -53.1611255763732 -3.40478117441394
-3.48984490410756 -42.890697479248 -7.07376935926534
-14.5363327529695 -20.817583322525 -6.9366900589731
-12.2416462153196 -18.0764723420143 -4.94169646501541
-2.90352920583777 -61.6496934117498 -4.21054010133486
-19.5105281141069 -47.4948136541579 -3.56364063753022
-22.0695510372039 -40.187809728807 -4.5222724791496
-14.1617492039998 -36.739933458964 -7.22515523433685
-10.49293570732 -28.8741823737301 -7.41478681564331
-1.94757858499304 -51.874300077364 -4.29234391992742
-12.5696218644065 -36.5466426542436 -3.67330790936262
-18.1964588409815 -27.6482498951447 -6.95485847424238
-14.7532103677814 -39.0844795141327 -3.34737758422166
-9.76783452535931 -53.7798433805767 -3.6290740935426
-0.525403821102853 -47.5752294648368 -5.15422626711288
-11.5275029402513 -47.8077289287861 -3.44804289524372
